13719 1 80
13739 19 995
13763 163 8168
13779 223 11160
13792 83 4199
13809 135 6798
13897 39 1987
13935 201 10068
14143 141 7078
14165 105 5269
14174 231 11565
14212 5 270
14531 67 3361
14563 19 994
14582 23 1173
14603 115 5777
14631 27 1359
14644 281 14051
14669 27 1374
14734 171 8582
14772 173 8698
14789 67 3360
14925 71 3558
14965 141 7066
14965 310 15509
14979 23 1186
14993 130 6541
15074 3 185
15254 37 1893
15397 251 12596
15411 225 11282
15426 83 4152
15440 53 2691
15511 73 3667
15656 17 857
15656 45 2289
15713 285 14262
15722 89 4455
15773 5 283
15890 47 2374
15927 261 13092
15928 53 2667
15966 95 4760
15966 197 9872
16075 269 13459
16147 327 16393
16173 201 10077
16286 89 4477
16307 49 2454
16825 25 1262
16843 299 14983
16843 303 15153
17138 101 5066
17206 155 7793
17213 81 4069
17302 61 3086
17307 17 883
17328 123 6163
17364 35 1771
17449 55 2791
17476 59 2991
17566 105 5274
17620 127 6356
17630 1 83
17684 127 6368
17696 11 577
17724 27 1379
17849 103 5178
17855 125 6292
17978 33 1687
17983 27 1380
17990 131 6586
18021 373 18688
18039 57 2877
18040 43 2192
18202 81 4100
18218 151 7572
18242 93 4661
18244 159 7974
18268 3 190
18482 21 1051
18678 303 15164
18685 53 2677
18685 501 25094
18692 393 19685
18900 165 8300
18926 123 6169
18951 115 5797
18954 169 8451
